0 0.025117
1 0.023904
2 0.023190
3 0.024338
30 0.029754
31 0.028750
32 0.028185
33 0.028976
60 0.029008
61 0.029227
62 0.029472
63 0.028812
90 0.025836
91 0.026872
92 0.025484
93 0.025571
4 0.023925
5 0.022742
6 0.023359
7 0.023068
8 0.023849
9 0.024517
10 0.023663
11 0.024172
12 0.024017
13 0.024926
14 0.023865
15 0.023267
16 0.023696
17 0.023072
18 0.023328
19 0.024115
20 0.024202
21 0.024366
22 0.025290
23 0.026610
24 0.023868
25 0.022553
26 0.023941
27 0.024434
28 0.022833
29 0.030439
34 0.029620
35 0.041130
36 0.027509
37 0.029689
38 0.033729
39 0.028807
40 0.028443
41 0.027777
42 0.027054
43 0.026955
44 0.027552
45 0.027472
46 0.028929
47 0.030560
48 0.041921
49 0.030680
50 0.029251
51 0.026422
52 0.025507
53 0.026263
54 0.023241
55 0.023766
56 0.023744
57 0.023262
58 0.024207
59 0.023802
64 0.027971
65 0.028396
66 0.029201
67 0.027847
68 0.027830
69 0.026916
70 0.030625
71 0.031720
72 0.031695
73 0.027816
74 0.028224
75 0.026861
76 0.025707
77 0.035585
78 0.035689
79 0.034882
80 0.040645
81 0.025062
82 0.029319
83 0.028766
84 0.028351
85 0.027286
86 0.027344
87 0.028600
88 0.027333
89 0.026831
94 0.026041
95 0.026329
96 0.025317
97 0.025485
98 0.025477
99 0.024741
100 0.025386
101 0.025417
102 0.025632
103 0.026526
104 0.027317
105 0.025365
106 0.035597
107 0.029282
108 0.025451
109 0.026180
110 0.026536
111 0.027809
112 0.026601
113 0.026880
114 0.027984
115 0.025907
116 0.026416
117 0.026007
118 0.026975
119 0.025947
120 0.025995
121 0.026388
122 0.025582
123 0.025037
150 0.026902
151 0.027152
152 0.027323
153 0.028173
180 0.025873
181 0.025662
182 0.027140
183 0.026560
210 0.026101
211 0.026432
212 0.026476
213 0.028730
240 0.025917
241 0.025408
242 0.024306
243 0.027574
270 0.027438
271 0.028471
272 0.027206
273 0.031270
300 0.027591
301 0.029036
302 0.031672
303 0.030400
330 0.032174
331 0.032166
332 0.032222
333 0.031638
360 0.025567
361 0.024375
362 0.031185
363 0.031850
390 0.024442
391 0.024292
392 0.026165
393 0.024798
420 0.025843
421 0.028665
422 0.030647
423 0.025514
450 0.024782
451 0.027325
452 0.028574
453 0.024906
480 0.017369
481 0.018902
482 0.017456
483 0.016907
124 0.027170
125 0.027474
126 0.026726
127 0.023520
128 0.023912
129 0.023374
130 0.024198
131 0.024267
132 0.024365
133 0.026113
134 0.026724
135 0.024684
136 0.028114
137 0.028805
138 0.024918
139 0.028084
140 0.025038
141 0.024901
142 0.024282
143 0.023644
144 0.024981
145 0.023888
146 0.024070
147 0.024495
148 0.023775
149 0.025141
154 0.030016
155 0.026468
156 0.028654
157 0.025072
158 0.024469
159 0.024540
160 0.024913
161 0.025327
162 0.025243
163 0.026334
164 0.027447
165 0.027779
166 0.027305
167 0.027671
168 0.026463
169 0.026428
170 0.026488
171 0.024345
172 0.024381
173 0.025054
174 0.024687
175 0.023995
176 0.024596
177 0.025142
178 0.024187
179 0.024984
184 0.027002
185 0.024425
186 0.026596
187 0.024665
188 0.024023
189 0.025746
190 0.025652
191 0.025664
192 0.026714
193 0.027236
194 0.025386
195 0.025549
196 0.029157
197 0.030371
198 0.031957
199 0.026777
200 0.025638
201 0.024576
202 0.024351
203 0.024597
204 0.024086
205 0.022697
206 0.023981
207 0.024617
208 0.024778
209 0.023724
214 0.030280
215 0.025084
216 0.026520
217 0.030017
218 0.031408
219 0.024345
220 0.024558
221 0.024943
222 0.026293
223 0.030468
224 0.025507
225 0.025989
226 0.027627
227 0.027588
228 0.029600
229 0.025202
230 0.029176
231 0.032268
232 0.027510
233 0.040804
234 0.025352
235 0.025108
236 0.024478
237 0.025757
238 0.025360
239 0.023946
244 0.029068
245 0.028145
246 0.029710
247 0.032634
248 0.034833
249 0.024940
250 0.024025
251 0.025733
252 0.032480
253 0.031226
254 0.025721
255 0.025772
256 0.024388
257 0.030215
258 0.033881
259 0.027379
260 0.025066
261 0.025444
262 0.024711
263 0.023382
264 0.024585
265 0.024537
266 0.024336
267 0.024917
268 0.023234
269 0.024287
274 0.029382
275 0.025917
276 0.028340
277 0.034502
278 0.035538
279 0.030608
280 0.035510
281 0.035848
282 0.027247
283 0.029398
284 0.024951
285 0.025894
286 0.026398
287 0.027079
288 0.028921
289 0.029088
290 0.029565
291 0.030733
292 0.025425
293 0.023957
294 0.024926
295 0.024829
296 0.025340
297 0.024305
298 0.025643
299 0.023426
304 0.027726
305 0.024473
306 0.028481
307 0.030673
308 0.025813
309 0.025163
310 0.025210
311 0.027877
312 0.027223
313 0.030183
314 0.028400
315 0.025628
316 0.026552
317 0.029181
318 0.028476
319 0.028583
320 0.028128
321 0.029105
322 0.026078
323 0.024916
324 0.024358
325 0.024974
326 0.024661
327 0.024393
328 0.025464
329 0.025139
334 0.026808
335 0.028738
336 0.027980
337 0.026543
338 0.026044
339 0.024325
340 0.024156
341 0.027086
342 0.025844
343 0.025846
344 0.027441
345 0.026364
346 0.031779
347 0.027773
348 0.027013
349 0.029469
350 0.026193
351 0.023717
352 0.023119
353 0.023596
354 0.022849
355 0.023061
356 0.023692
357 0.023659
358 0.023729
359 0.023095
364 0.028687
365 0.028867
366 0.024928
367 0.024171
368 0.023953
369 0.023067
370 0.024738
371 0.026102
372 0.023820
373 0.025037
374 0.027339
375 0.025359
376 0.026187
377 0.023819
378 0.025041
379 0.024789
380 0.025505
381 0.023764
382 0.023156
383 0.023708
384 0.023592
385 0.023643
386 0.024057
387 0.025254
388 0.023804
389 0.023676
394 0.029864
395 0.027763
396 0.025863
397 0.025583
398 0.027177
399 0.026412
400 0.024977
401 0.024250
402 0.022907
403 0.023928
404 0.025933
405 0.023717
406 0.024515
407 0.023381
408 0.024653
409 0.025238
410 0.023351
411 0.024519
412 0.027492
413 0.024595
414 0.024628
415 0.024321
416 0.025140
417 0.025689
418 0.025515
419 0.025869
424 0.026715
425 0.025824
426 0.029565
427 0.028443
428 0.026476
429 0.026857
430 0.025795
431 0.024423
432 0.024923
433 0.024247
434 0.024998
435 0.026589
436 0.024341
437 0.026910
438 0.025002
439 0.024542
440 0.023978
441 0.023365
442 0.023506
443 0.024664
444 0.024255
445 0.025086
446 0.024524
447 0.025549
448 0.025185
449 0.028069
454 0.026033
455 0.026770
456 0.026024
457 0.023724
458 0.023782
459 0.024292
460 0.024449
461 0.024375
462 0.023428
463 0.024154
464 0.023277
465 0.024307
466 0.022827
467 0.022915
468 0.024553
469 0.026674
470 0.025429
471 0.023448
472 0.023213
473 0.023537
474 0.023841
475 0.023508
476 0.023212
477 0.024198
478 0.024502
479 0.023799
484 0.017702
485 0.017198
486 0.018772
487 0.018919
488 0.017175
489 0.017348
490 0.016816
491 0.017463
492 0.017127
493 0.018450
494 0.016569
495 0.016692
496 0.018107
497 0.018697
498 0.018885
499 0.017047
500 0.018438
501 0.019139
502 0.017427
503 0.017542
504 0.018202
505 0.016917
506 0.016747
507 0.017834
508 0.018226
509 0.017546
0 0.065674
1 0.049368
2 0.041183
3 0.039385
30 0.069276
31 0.052689
32 0.047548
33 0.044916
60 0.039665
61 0.044897
62 0.042377
63 0.082224
90 0.051975
91 0.045595
92 0.037920
93 0.062908
4 0.049313
5 0.035542
6 0.035235
7 0.039169
8 0.035905
9 0.036206
10 0.035909
11 0.034723
12 0.039946
13 0.040335
14 0.037900
15 0.035455
16 0.035415
17 0.035370
18 0.035635
19 0.035588
20 0.035392
21 0.046454
22 0.037274
23 0.035673
24 0.035485
25 0.035113
26 0.038515
27 0.036191
28 0.037034
29 0.039397
34 0.053499
35 0.049638
36 0.055111
37 0.043220
38 0.050087
39 0.045785
40 0.038249
41 0.044753
42 0.049904
43 0.043094
44 0.041619
45 0.036919
46 0.041485
47 0.046633
48 0.038906
49 0.043165
50 0.037894
51 0.035792
52 0.035508
53 0.035443
54 0.035195
55 0.035043
56 0.035313
57 0.037772
58 0.035370
59 0.036078
64 0.088155
65 0.074057
66 0.038152
67 0.037795
68 0.035811
69 0.036591
70 0.043862
71 0.038230
72 0.049399
73 0.037855
74 0.041786
75 0.037412
76 0.037361
77 0.036214
78 0.037183
79 0.037214
80 0.036925
81 0.035576
82 0.036405
83 0.038389
84 0.040762
85 0.043725
86 0.050589
87 0.055397
88 0.045136
89 0.045957
94 0.052603
95 0.088001
96 0.041733
97 0.039394
98 0.038885
99 0.042988
100 0.041109
101 0.036657
102 0.040079
103 0.038471
104 0.042100
105 0.039923
106 0.050631
107 0.048081
108 0.047001
109 0.043234
110 0.037754
111 0.039389
112 0.036470
113 0.036530
114 0.036832
115 0.042319
116 0.041350
117 0.039800
118 0.040359
119 0.038632
120 0.069470
121 0.035366
122 0.038370
123 0.061840
150 0.037694
151 0.036929
152 0.039386
153 0.063258
180 0.047974
181 0.036145
182 0.035522
183 0.081077
210 0.039312
211 0.049024
212 0.059893
213 0.069122
240 0.039328
241 0.050463
242 0.054394
243 0.093227
270 0.059866
271 0.038018
272 0.037337
273 0.071561
300 0.056665
301 0.036129
302 0.040717
303 0.081519
330 0.060264
331 0.038125
332 0.059465
333 0.098755
360 0.038692
361 0.036610
362 0.070829
363 0.096779
390 0.035859
391 0.037279
392 0.048689
393 0.078063
420 0.036995
421 0.063358
422 0.091052
423 0.066571
450 0.039834
451 0.068382
452 0.094400
453 0.059778
480 0.024639
481 0.048115
482 0.033257
483 0.027160
124 0.094967
125 0.100172
126 0.059975
127 0.037743
128 0.038277
129 0.037268
130 0.037419
131 0.043716
132 0.036715
133 0.036667
134 0.038161
135 0.040645
136 0.049893
137 0.040845
138 0.043848
139 0.042626
140 0.041392
141 0.037757
142 0.036902
143 0.038109
144 0.037355
145 0.037605
146 0.038183
147 0.037331
148 0.037682
149 0.037271
154 0.055474
155 0.082326
156 0.076073
157 0.042558
158 0.038886
159 0.037697
160 0.037591
161 0.037764
162 0.037993
163 0.037292
164 0.042516
165 0.046047
166 0.042135
167 0.042644
168 0.056426
169 0.048285
170 0.039843
171 0.042301
172 0.042935
173 0.040155
174 0.038078
175 0.042429
176 0.040775
177 0.040047
178 0.042450
179 0.042496
184 0.064467
185 0.078742
186 0.097485
187 0.047480
188 0.037126
189 0.038924
190 0.039520
191 0.036993
192 0.037527
193 0.049721
194 0.035624
195 0.036965
196 0.037040
197 0.073661
198 0.064501
199 0.038874
200 0.037164
201 0.037942
202 0.038072
203 0.037046
204 0.038517
205 0.037038
206 0.037724
207 0.037887
208 0.037651
209 0.038301
214 0.053377
215 0.097498
216 0.107715
217 0.050315
218 0.037943
219 0.037436
220 0.037096
221 0.036409
222 0.043588
223 0.046073
224 0.037609
225 0.036301
226 0.036932
227 0.054215
228 0.071652
229 0.055899
230 0.038546
231 0.038943
232 0.040366
233 0.037720
234 0.037789
235 0.038576
236 0.037949
237 0.038111
238 0.040057
239 0.039019
244 0.094375
245 0.066313
246 0.103142
247 0.037473
248 0.035743
249 0.037554
250 0.037315
251 0.038175
252 0.052596
253 0.046393
254 0.039522
255 0.039908
256 0.038179
257 0.069516
258 0.089048
259 0.068013
260 0.041072
261 0.038730
262 0.037731
263 0.037593
264 0.037469
265 0.037444
266 0.039017
267 0.037987
268 0.036979
269 0.038577
274 0.107688
275 0.062337
276 0.080889
277 0.058202
278 0.040521
279 0.038397
280 0.044380
281 0.042948
282 0.045216
283 0.038864
284 0.045079
285 0.035738
286 0.035138
287 0.052177
288 0.056096
289 0.059944
290 0.039689
291 0.039687
292 0.039802
293 0.037757
294 0.039770
295 0.040771
296 0.040158
297 0.038357
298 0.037698
299 0.037984
304 0.090751
305 0.053538
306 0.068507
307 0.052617
308 0.037323
309 0.038008
310 0.038416
311 0.046857
312 0.040797
313 0.041364
314 0.045748
315 0.034904
316 0.036320
317 0.064288
318 0.048599
319 0.055035
320 0.038674
321 0.037870
322 0.039096
323 0.038371
324 0.038006
325 0.037820
326 0.039061
327 0.037800
328 0.038153
329 0.040173
334 0.078814
335 0.077703
336 0.080767
337 0.061767
338 0.038766
339 0.044075
340 0.043417
341 0.038169
342 0.037780
343 0.037683
344 0.042276
345 0.035823
346 0.075188
347 0.064207
348 0.043347
349 0.051727
350 0.038919
351 0.037566
352 0.040344
353 0.037709
354 0.037623
355 0.037312
356 0.037470
357 0.037597
358 0.037331
359 0.037151
364 0.080954
365 0.086272
366 0.104615
367 0.070254
368 0.035761
369 0.037016
370 0.054329
371 0.041350
372 0.035656
373 0.036323
374 0.041611
375 0.037653
376 0.051136
377 0.042579
378 0.038273
379 0.038404
380 0.038145
381 0.036272
382 0.038265
383 0.038010
384 0.036986
385 0.037721
386 0.037642
387 0.037702
388 0.037580
389 0.036430
394 0.088963
395 0.084698
396 0.111720
397 0.085212
398 0.091644
399 0.059291
400 0.068106
401 0.036708
402 0.035344
403 0.034513
404 0.036485
405 0.037071
406 0.037022
407 0.040956
408 0.038804
409 0.038951
410 0.037880
411 0.037121
412 0.048167
413 0.037904
414 0.039516
415 0.039912
416 0.040630
417 0.038104
418 0.038357
419 0.037851
424 0.086161
425 0.058599
426 0.104413
427 0.107271
428 0.099291
429 0.063165
430 0.066271
431 0.039274
432 0.036678
433 0.034758
434 0.035563
435 0.035622
436 0.035773
437 0.036649
438 0.036030
439 0.036405
440 0.037972
441 0.037515
442 0.038063
443 0.037970
444 0.037927
445 0.039955
446 0.037238
447 0.037398
448 0.037797
449 0.042550
454 0.048183
455 0.055781
456 0.059371
457 0.049134
458 0.088868
459 0.056562
460 0.058808
461 0.040117
462 0.035145
463 0.039542
464 0.036692
465 0.036630
466 0.035665
467 0.037539
468 0.038662
469 0.045937
470 0.039168
471 0.039036
472 0.041982
473 0.038699
474 0.039967
475 0.039162
476 0.038427
477 0.038774
478 0.041215
479 0.043273
484 0.024785
485 0.024114
486 0.037016
487 0.058236
488 0.055779
489 0.024674
490 0.023561
491 0.023313
492 0.022749
493 0.021965
494 0.022613
495 0.022467
496 0.022446
497 0.022961
498 0.022384
499 0.023159
500 0.022775
501 0.023943
502 0.023550
503 0.024982
504 0.025289
505 0.024907
506 0.025064
507 0.025891
508 0.025311
509 0.026455
